/NAS/data/diego/logs/chordiogram/save/save-plane0-notrans-lr-1-6227e-05-rot-z-so3-npoints-1024/model.ckpt-78387 pointnet_notrans plane0 z-so3
Model restored.
----0----
(2048, 1024, 7)
2048
----1----
(420, 1024, 7)
420
eval mean loss: 2.481756
eval accuracy: 0.401380
eval avg class acc: 0.375541
  airplane:	0.500	100
   bathtub:	0.340	50
       bed:	0.357	98
     bench:	0.600	20
 bookshelf:	0.550	100
    bottle:	0.475	99
      bowl:	0.700	20
       car:	0.470	100
     chair:	0.720	100
      cone:	0.500	20
       cup:	0.100	20
   curtain:	0.200	20
      desk:	0.105	86
      door:	0.650	20
   dresser:	0.384	86
flower_pot:	0.050	20
 glass_box:	0.360	100
    guitar:	0.440	100
  keyboard:	0.300	20
      lamp:	0.250	20
    laptop:	0.300	20
    mantel:	0.270	100
   monitor:	0.620	100
night_stand:	0.256	86
    person:	0.350	20
     piano:	0.170	100
     plant:	0.550	100
     radio:	0.200	20
range_hood:	0.150	100
      sink:	0.050	20
      sofa:	0.330	100
    stairs:	0.500	20
     stool:	0.350	20
     table:	0.220	100
      tent:	0.400	20
    toilet:	0.530	100
  tv_stand:	0.620	100
      vase:	0.556	99
  wardrobe:	0.350	20
      xbox:	0.200	20
